int flight[][8]={
{71,0,0,0,0,0,0,207},
{98,1,0,27,-100,-1,0,197},
{150,4,0,27,-100,-4,0,187},
{178,8,0,27,-100,-8,0,177},
{211,8,0,26,-100,-8,0,177},
{238,8,0,21,-100,-8,0,175},
{265,8,0,18,-100,-8,0,174},
{292,8,0,15,-100,-8,0,173},
{320,8,0,13,-98,-8,0,171},
{348,8,0,11,-75,-8,0,169},
{378,8,0,9,-58,-8,0,166},
{405,8,0,8,-45,-8,0,163},
{434,8,0,6,-31,-8,0,159},
{470,8,0,4,-19,-8,0,156},
{498,12,0,2,-8,-12,0,153},
{526,12,0,0,0,-12,0,153},
{554,22,0,0,0,-22,0,150},
{583,29,0,0,0,-29,0,147},
{611,29,0,0,0,-29,0,146},
{638,29,0,0,0,-29,0,147},
{802,31,0,0,0,-31,0,147},
{1967,27,0,0,0,-27,0,147},
{2131,25,0,0,0,-25,0,147},
{2357,23,0,0,0,-23,0,147},
{2602,22,0,0,0,-22,0,147},
{3280,10,0,0,0,-10,0,147},
{3310,0,0,0,0,0,0,147},
{3501,0,-1,0,0,0,1,147},
{3689,0,-3,0,0,0,3,147},
{3745,0,-5,0,0,0,5,147},
{3801,0,-8,0,0,0,8,147},
{3857,1,-10,0,0,-1,10,147},
{3885,0,-12,-12,-100,0,12,147},
{3947,1,-12,-20,-100,-1,12,147},
{3974,2,-13,-22,-100,-2,13,147},
{4004,2,-13,-20,-100,-2,13,146},
{4032,2,-13,-18,-100,-2,13,141},
{4062,2,-13,-9,-100,-2,13,132},
{4091,3,-13,-2,-100,-3,13,132},
{4120,3,-13,14,-44,-3,13,127},
{4148,3,-13,18,3,-3,13,123},
{4184,3,-13,17,21,-3,13,116},
{4212,3,-13,14,24,-3,13,113},
{4243,3,-13,10,21,-3,13,111},
{4271,3,-14,5,12,-3,14,109},
{4299,3,-14,1,3,-3,14,109},
{4327,3,-14,0,0,-3,14,110},
{4383,4,-14,0,0,-4,14,110},
{4411,3,-14,0,0,-3,14,110},
{4633,4,-15,0,0,-4,15,110},
{4663,3,-15,0,0,-3,15,110},
{4691,3,-16,0,0,-3,16,110},
{4746,4,-17,0,0,-4,17,110},
{4774,4,-19,0,0,-4,19,110},
{4884,4,-20,0,0,-4,20,110},
{4970,3,-22,0,0,-3,22,110},
{5054,2,-22,0,0,-2,22,110},
{5082,1,-22,0,0,-1,22,110},
{5109,1,-23,0,0,-1,23,110},
{5172,0,-23,0,0,0,23,110},
{5201,0,-25,0,0,0,25,110},
{5995,4,-25,0,0,-4,25,110},
{6049,6,-22,0,0,-6,22,110},
{6105,8,-22,0,0,-8,22,110},
{6189,10,-22,0,0,-10,22,110},
{6461,11,-22,0,0,-11,22,110},
{6761,10,-20,0,0,-10,20,110},
{6816,8,-17,0,0,-8,17,110},
{6880,6,-13,0,0,-6,13,110},
{6938,1,-5,0,0,-1,5,110},
{6965,0,-1,0,0,0,1,110},
{7184,0,-2,0,0,0,2,110},
{7212,0,-3,0,0,0,3,110},
{7267,0,-5,0,0,0,5,110},
{7322,0,-7,0,0,0,7,110},
{7460,0,-8,0,0,0,8,110},
{7677,0,-9,0,0,0,9,110},
{7732,0,-10,0,0,0,10,110},
{7767,0,-11,0,0,0,11,110},
{7822,0,-12,0,0,0,12,110},
{7901,0,-13,0,0,0,13,110},
{8199,0,-14,0,0,0,14,110},
{8658,0,-15,0,0,0,15,110},
{8821,0,-16,0,0,0,16,110},
{8954,0,-17,0,0,0,17,110},
{9285,0,-12,0,0,0,13,110},
{9342,0,-5,0,0,0,6,110},
{9406,1,-3,0,0,1,6,110},
{9437,2,-1,0,0,3,8,110},
{9490,4,0,0,0,5,10,110},
{9546,5,0,0,0,5,10,110},
{9601,7,3,0,0,8,13,110},
{9629,8,3,0,0,9,14,110},
{9683,9,5,0,0,9,14,110},
{9768,10,6,0,0,11,15,110},
{9958,9,6,0,0,11,15,110},
{10123,9,6,0,0,12,15,110},
{10215,8,5,0,0,11,14,110},
{10298,7,4,0,0,10,13,110},
{10599,6,3,0,0,9,11,110},
{10818,5,3,0,0,9,11,110},
{10956,8,7,0,0,12,14,110},
{11258,5,4,6,12,9,10,110},
{11288,2,1,10,18,5,6,110},
{11342,0,0,14,21,0,0,110},
{11370,0,0,14,20,0,0,111},
{11399,0,0,14,19,0,0,111},
{11433,0,0,14,16,0,0,114},
{11463,0,0,14,13,0,0,115},
{11491,0,0,13,11,0,0,117},
{11520,0,0,13,9,0,0,118},
{11549,0,0,13,8,0,0,118},
{11578,0,0,13,6,0,0,119},
{11606,0,0,13,4,0,0,121},
{11635,0,0,13,2,0,0,122},
{11663,0,0,13,1,0,0,124},
{11699,0,0,13,0,0,0,125},
{11728,0,0,13,0,0,0,126},
{11755,0,0,13,-1,0,0,127},
{11782,0,0,13,-2,0,0,128},
{11810,0,0,12,-2,0,0,129},
{11837,0,0,12,-3,0,0,129},
{11866,0,0,12,-3,0,0,130},
{11896,0,0,12,-4,0,0,131},
{11950,0,0,12,-4,0,0,132},
{11978,0,0,12,-5,0,0,134},
{12039,0,0,12,-6,0,0,135},
{12093,0,0,12,-6,0,0,136},
{12121,0,0,12,-7,0,0,137},
{12150,0,0,12,-7,0,0,138},
{12181,0,0,12,-7,0,0,139},
{12234,0,0,12,-7,0,0,140},
{12290,0,0,12,-7,0,0,141},
{12315,0,0,10,-6,0,0,141},
{12370,0,0,10,-6,0,0,142},
{12433,0,0,9,-6,0,0,143},
{12489,0,0,9,-6,0,0,144},
{12573,0,0,9,-6,0,0,143},
{12630,0,0,9,-6,0,0,144},
{12658,0,0,9,-6,0,0,145},
{12687,0,0,9,-6,0,0,146},
{12718,0,0,7,-5,0,0,146},
{12747,0,0,7,-5,0,0,147},
{12775,0,0,5,-17,0,0,147},
{12802,0,0,5,-17,0,0,148},
{12838,0,0,4,-21,0,0,148},
{12894,0,0,4,-21,0,0,147},
{12921,0,0,4,-21,0,0,146},
{12976,0,0,4,-21,0,0,144},
{13033,0,0,4,-21,0,0,142},
{13061,0,0,4,-22,0,0,142},
{13090,0,0,5,-22,0,0,140},
{13115,0,0,4,-25,0,0,139},
{13171,0,0,5,-25,0,0,139},
{13200,0,0,4,-25,0,0,138},
{13238,0,0,4,-24,0,0,138},
{13265,0,0,5,-24,0,0,137},
{13292,0,0,8,-18,0,0,136},
{13320,0,0,8,-17,0,0,135},
{13347,0,0,10,-9,0,0,135},
{13374,0,0,10,-8,0,0,134},
{13403,0,0,12,-7,0,0,134},
{13458,0,0,12,-7,0,0,135},
{13488,0,0,11,-3,0,0,135},
{13525,0,0,11,-3,0,0,136},
{13552,0,0,12,-3,0,0,136},
{13581,0,0,12,-3,0,0,137},
{13609,0,0,12,-3,0,0,138},
{13638,0,0,12,-4,0,0,139},
{13666,0,0,13,-4,0,0,139},
{13694,0,0,14,-5,0,0,140},
{13721,0,0,14,-5,0,0,141},
{13749,0,0,14,-5,0,0,142},
{13777,0,0,14,-5,0,0,143},
{13840,0,0,14,-5,0,0,144},
{13870,0,0,14,-6,0,0,145},
{13898,0,0,14,-12,0,0,145},
{13928,0,0,14,-12,0,0,146},
{13957,0,0,14,-18,0,0,146},
{13987,0,0,14,-18,0,0,147},
{14016,0,0,15,-20,0,0,147},
{14099,0,0,15,-21,0,0,147},
{14210,0,0,15,-20,0,0,147},
{14272,0,0,18,-21,0,0,147},
{14328,0,0,20,-21,0,0,148},
{14465,0,0,21,-21,0,0,149},
{14519,0,0,21,-21,0,0,150},
{14573,0,0,22,-21,0,0,151},
{14629,0,0,22,-21,0,0,152},
{14686,0,0,23,-21,0,0,153},
{14742,0,0,23,-21,0,0,154},
{14797,0,0,24,-21,0,0,155},
{14834,0,0,24,-22,0,0,155},
{14861,0,0,25,-25,1,1,156},
{14915,0,0,22,-25,2,2,157},
{14944,0,0,23,-25,2,2,157},
{14974,2,1,22,-26,4,4,158},
{15001,2,1,22,-27,4,4,158},
{15030,2,1,23,-27,4,4,159},
{15058,2,1,22,-27,4,4,159},
{15086,2,1,23,-27,4,4,160},
{15148,2,1,23,-27,4,4,158},
{15205,2,1,20,-26,4,4,160},
{15233,2,1,21,-26,4,4,160},
{15260,1,1,6,-10,3,4,160},
{15288,1,1,6,-10,3,4,161},
{15317,0,0,0,0,1,1,162},
{15345,0,0,0,0,0,1,162},
{15402,0,0,0,0,0,0,162},
{15703,0,0,0,0,0,0,168},
{15758,0,0,0,0,0,0,178},
{15794,0,0,0,0,0,0,185},
{15822,0,0,0,0,0,0,195},
{15851,0,0,0,0,0,0,199},
{15880,0,0,0,0,0,0,204},
{17099,0,0,1,-5,0,0,204},
{17154,0,0,3,-8,0,0,204},
{17209,0,0,3,-10,0,0,204},
{17265,0,0,4,-11,0,0,204},
{17319,0,0,4,-11,0,0,203},
{17402,0,0,4,-11,0,0,202},
{17467,0,0,4,-11,0,0,201},
{17521,0,0,4,-11,0,0,200},
{17550,0,0,4,-11,0,0,199},
{17578,0,0,0,0,0,0,199},
{17605,0,0,0,0,0,0,198},
{17660,0,0,0,0,0,0,197},
{18313,0,0,-2,1,0,0,197},
{18369,0,0,-7,6,0,0,197},
{18423,0,0,-10,8,0,0,196},
{18451,0,0,-13,10,0,0,196},
{18487,0,0,-13,10,0,0,195},
{18515,0,0,-14,11,0,0,195},
{18570,0,0,-14,11,0,0,194},
{18599,0,0,-15,11,0,0,194},
{18627,0,0,-15,12,0,0,193},
{18682,0,0,-15,12,0,0,192},
{18712,0,0,-15,12,0,0,191},
{18822,0,0,-15,12,0,0,192},
{18877,0,0,-15,12,0,0,191},
{18913,0,0,-15,12,0,0,190},
{18941,0,0,-15,12,0,0,189},
{18999,0,0,-15,12,0,0,188},
{19026,0,0,-14,8,0,0,187},
{19055,0,0,-14,8,0,0,186},
{19083,0,0,-12,2,0,0,186},
{19140,0,0,-9,2,0,0,186},
{19168,0,0,-9,2,0,0,185},
{19197,0,0,-6,1,0,0,184},
{19234,0,0,-2,0,0,0,184},
{19262,0,0,0,0,0,0,183},
{19289,0,0,0,0,0,0,182},
{19369,0,0,5,-15,0,0,182},
{19427,0,0,10,-29,0,0,182},
{19483,0,0,15,-42,0,0,182},
{19511,0,0,16,-42,0,0,181},
{19540,0,0,17,-45,0,0,180},
{19568,0,0,18,-45,0,0,179},
{19597,0,0,19,-45,0,0,178},
{19632,0,0,19,-45,0,0,177},
{19661,0,0,20,-45,0,0,177},
{19690,0,0,21,-45,0,0,176},
{19746,0,0,22,-45,0,0,176},
{19774,0,0,22,-44,0,0,177},
{19802,0,0,13,-26,0,0,174},
{19830,0,0,14,-26,0,0,172},
{19858,0,0,15,-26,0,0,170},
{19886,0,0,0,0,0,0,169},
{19922,0,0,0,0,0,0,170},
{19951,0,0,0,0,0,0,169},
{20007,0,0,0,0,0,0,168},
{20279,0,0,-2,4,0,0,168},
{20334,0,0,-11,20,0,0,168},
{20390,0,0,-23,36,0,0,167},
{20419,0,0,-29,45,0,0,167},
{20447,0,0,-29,45,0,0,166},
{20503,0,0,-28,46,0,0,166},
{20565,0,0,-27,46,0,0,165},
{20594,0,0,-26,47,0,0,166},
{20648,0,0,-25,47,0,0,167},
{20676,0,0,-24,48,0,0,167},
{20732,0,0,-22,49,0,0,169},
{20761,0,0,-22,49,0,0,170},
{20791,0,0,-21,49,0,0,170},
{20819,0,0,-11,27,0,0,170},
{20848,0,0,0,0,0,0,171},
{20877,0,0,0,0,0,0,173},
{20913,0,0,0,0,0,0,174},
{21182,0,0,-1,0,0,0,174},
{21237,0,0,-12,0,0,0,174},
{21293,0,0,-24,0,0,0,174},
{21321,0,0,-32,0,0,0,173},
{21349,0,0,-32,0,0,0,172},
{21377,0,0,-32,-2,0,0,171},
{21406,0,0,-32,-3,0,0,169},
{21434,0,0,-32,-4,0,0,167},
{21468,0,0,-32,-3,0,0,164},
{21496,0,0,-32,-5,0,0,161},
{21523,0,0,-32,-6,0,0,159},
{21552,0,0,-31,-7,0,0,158},
{21580,0,0,-31,-9,0,0,156},
{21609,0,0,-31,-11,0,0,153},
{21638,0,0,-30,-14,0,0,150},
{21666,0,0,-30,-16,0,0,148},
{21693,0,0,-15,-10,0,0,147},
{21729,0,0,-14,-11,0,0,144},
{21757,0,0,0,0,0,0,141},
{21785,0,0,0,0,0,0,139},
{21813,0,0,0,0,0,0,138},
{21867,0,0,0,0,0,0,137},
{22217,0,0,5,-27,0,0,137},
{22301,0,0,12,-56,0,0,137},
{22329,0,0,12,-56,0,0,136},
{22360,0,0,13,-70,0,0,135},
{22389,0,0,12,-72,0,0,134},
{22426,0,0,13,-71,0,0,130},
{22455,0,0,14,-71,0,0,128},
{22485,0,0,15,-70,0,0,126},
{22513,0,0,16,-68,0,0,124},
{22541,0,0,17,-67,0,0,122},
{22569,0,0,20,-61,0,0,119},
{22598,0,0,21,-60,0,0,117},
{22627,0,0,5,-14,0,0,115},
{22656,0,0,0,0,0,0,113},
{22693,0,0,0,0,0,0,111},
{22721,0,0,0,0,0,0,109},
{22750,0,0,0,0,0,0,108},
{22780,0,0,0,0,0,0,107},
{22835,0,0,0,0,0,0,108},
{22920,0,0,-5,7,0,0,108},
{22976,0,0,-17,27,0,0,108},
{23005,0,0,-28,45,0,0,107},
{23059,0,0,-28,47,0,0,107},
{23087,0,0,-28,49,0,0,107},
{23124,0,0,-27,50,0,0,107},
{23152,0,0,-27,51,0,0,107},
{23181,0,0,-27,53,0,0,107},
{23211,0,0,-26,57,0,0,107},
{23240,0,0,-28,52,0,0,107},
{23268,0,0,-27,54,0,0,108},
{23297,0,0,-29,50,0,0,109},
{23325,0,0,-24,29,0,0,110},
{23353,0,0,-24,31,0,0,110},
{23388,0,0,0,0,0,0,111},
{23417,0,0,0,0,0,0,112},
{23445,0,0,0,0,0,0,111},
{23474,0,0,0,0,0,0,110},
{23530,0,0,0,0,0,0,109},
{23614,0,0,-4,5,0,0,108},
{23643,0,0,-4,5,0,0,109},
{23672,0,0,-26,30,0,0,109},
{23728,0,0,-37,33,0,0,109},
{23757,0,0,-37,34,0,0,108},
{23794,0,0,-37,35,0,0,109},
{23823,0,0,-37,36,0,0,109},
{23850,0,0,-36,38,0,0,106},
{23879,0,0,-36,40,0,0,104},
{23906,0,0,-36,44,0,0,103},
{23934,0,0,-35,52,0,0,103},
{23963,0,0,-34,64,0,0,103},
{23991,0,0,-33,74,0,0,103},
{24020,0,0,-31,100,0,0,102},
{24054,0,0,-23,100,0,0,102},
{24083,0,0,-9,100,0,0,103},
{24111,0,0,6,100,0,0,105},
{24138,0,0,10,100,0,0,108},
{24165,0,0,10,100,0,0,111},
{24195,0,0,8,100,0,0,115},
{24223,0,0,6,100,0,0,119},
{24251,0,0,6,100,0,0,123},
{24279,0,0,8,100,0,0,127},
{24314,0,0,9,100,0,0,127},
{24344,0,0,12,100,0,0,131},
{24371,0,0,15,100,0,0,136},
{24398,0,0,16,100,0,0,144},
{24425,0,0,15,100,0,0,148},
{24452,0,0,13,100,0,0,159},
{24479,0,0,11,100,0,0,164},
{24507,0,0,10,100,0,0,169},
{24563,0,0,10,100,0,0,174},
{24601,0,0,10,100,0,0,184},
{24629,0,0,10,100,0,0,188},
{24657,0,0,11,100,0,0,194},
{24685,0,0,12,100,0,0,203},
{24715,0,0,13,100,0,0,208},
{24742,0,0,14,0,0,0,213},
{24770,0,0,15,0,0,0,218},
{24798,0,0,19,0,0,0,222},
{24824,0,0,19,0,0,0,225},
{24853,0,0,18,0,0,0,215},
{24888,0,0,17,0,0,0,217},
{24915,0,0,3,47,0,0,207},
{24944,0,0,0,0,0,0,197},
{24973,0,0,0,0,0,0,189},
{25001,0,0,0,0,0,0,190},
{25139,0,0,0,0,0,0,194},
{-1,0,0,0,0,0,0,0}};
