int flight[][8]={
{64,0,0,0,0,0,0,130},
{90,0,0,27,-100,0,0,140},
{140,0,0,27,-100,0,0,160},
{167,0,0,26,-100,0,0,170},
{201,0,0,25,-100,0,0,176},
{227,0,0,22,-100,0,0,174},
{254,0,0,21,-100,0,0,173},
{280,0,0,19,-100,0,0,173},
{307,0,0,16,-100,0,0,171},
{334,0,0,14,-100,0,0,166},
{364,0,0,12,-74,0,0,164},
{392,0,0,9,-52,0,0,161},
{420,0,0,6,-31,0,0,161},
{456,0,0,3,-14,0,0,155},
{485,0,0,0,-1,0,0,152},
{513,0,0,0,0,0,0,149},
{542,0,0,0,0,0,0,147},
{571,0,0,0,0,0,0,146},
{843,0,2,0,0,0,-2,146},
{925,0,7,0,0,0,-7,146},
{1008,0,10,0,0,0,-10,146},
{1088,0,12,0,0,0,-12,146},
{1170,0,13,0,0,0,-13,146},
{1330,0,14,0,0,0,-14,146},
{1473,0,8,0,0,0,-8,146},
{1528,0,0,0,0,0,0,146},
{2151,10,0,0,0,-10,0,146},
{2232,19,0,0,0,-19,0,146},
{2368,10,0,0,0,-10,0,146},
{2423,4,0,0,0,-4,0,146},
{2506,3,0,0,0,-3,0,146},
{2721,7,0,0,0,-7,0,146},
{2804,19,0,0,0,-19,0,146},
{2860,24,0,0,0,-24,0,146},
{4726,25,0,0,0,-25,0,146},
{5103,16,0,0,0,-16,0,146},
{5158,0,0,0,0,0,0,146},
{5428,0,-5,0,0,0,5,146},
{5622,0,-11,0,0,0,11,146},
{5676,0,-13,0,0,0,13,146},
{5732,0,-16,0,0,0,16,146},
{5869,0,-22,0,0,0,22,146},
{5896,0,-27,0,0,0,27,146},
{5959,0,-28,0,0,0,28,146},
{6041,0,-31,0,0,0,31,146},
{6125,0,-32,0,0,0,32,146},
{6259,0,-33,0,0,0,33,146},
{7072,0,-34,0,0,0,34,146},
{7128,0,-35,0,0,0,35,146},
{7320,0,-36,0,0,0,36,146},
{7429,0,-37,0,0,0,37,146},
{7484,0,-39,0,0,0,39,146},
{7539,0,-41,0,0,0,41,146},
{7684,0,-43,0,0,0,43,146},
{8819,0,-29,0,0,0,29,146},
{8873,0,-11,0,0,0,11,146},
{9011,0,0,0,0,0,0,146},
{9252,1,0,0,0,-1,0,146},
{9335,5,0,0,0,-5,0,146},
{9470,7,0,0,0,-7,0,146},
{9688,7,0,2,-6,-7,0,146},
{9769,7,0,2,-5,-7,0,146},
{9797,7,0,2,-6,-7,0,146},
{9913,9,0,2,-6,-9,0,146},
{10100,9,0,2,-5,-9,0,146},
{10183,9,0,2,-5,-9,0,145},
{10211,9,0,4,10,-9,0,145},
{10239,9,0,4,10,-9,0,144},
{10269,9,0,4,12,-9,0,144},
{10432,9,0,4,12,-9,0,145},
{10486,9,0,4,11,-9,0,146},
{10514,9,0,4,11,-9,0,147},
{10551,9,0,4,13,-9,0,148},
{10606,9,0,4,11,-9,0,150},
{10633,9,0,4,11,-9,0,151},
{10660,9,0,4,10,-9,0,152},
{10688,9,0,3,11,-9,0,153},
{10716,9,0,3,11,-9,0,154},
{10743,9,0,3,10,-9,0,154},
{10773,9,0,3,10,-9,0,155},
{10802,9,0,3,10,-9,0,156},
{10830,9,0,3,9,-9,0,157},
{10894,9,0,3,9,-9,0,158},
{10948,9,0,4,12,-9,0,158},
{10976,9,0,4,11,-9,0,159},
{11032,9,0,4,11,-9,0,160},
{11087,9,0,4,11,-9,0,161},
{11144,9,0,4,10,-9,0,162},
{11171,9,0,4,9,-9,0,162},
{11202,9,0,4,9,-9,0,164},
{11230,9,0,4,9,-9,0,165},
{11265,9,0,4,8,-9,0,166},
{11294,9,0,4,8,-9,0,167},
{11323,9,0,6,3,-9,0,168},
{11351,9,0,6,3,-9,0,169},
{11381,9,0,9,0,-9,0,169},
{11409,9,0,9,0,-9,0,171},
{11494,9,0,9,0,-9,0,172},
{11524,9,0,11,-1,-9,0,172},
{11554,9,0,11,-1,-9,0,173},
{11582,9,0,11,-2,-9,0,173},
{11619,9,0,11,-2,-9,0,175},
{11646,9,0,11,-1,-9,0,175},
{11675,9,0,11,-2,-9,0,177},
{11702,9,0,12,-1,-9,0,177},
{11757,9,0,12,-2,-9,0,179},
{11786,9,0,12,3,-9,0,179},
{11814,9,0,12,3,-9,0,180},
{11842,9,0,12,2,-9,0,181},
{11871,9,0,12,2,-9,0,182},
{11935,9,0,13,28,-9,0,182},
{11963,9,0,13,26,-9,0,183},
{11991,9,0,13,24,-9,0,184},
{12020,9,0,13,23,-9,0,187},
{12047,9,0,13,36,-9,0,189},
{12074,9,0,13,34,-9,0,191},
{12102,9,0,10,26,-9,0,193},
{12129,9,0,11,24,-9,0,196},
{12157,9,0,11,22,-9,0,199},
{12191,9,0,0,0,-9,0,201},
{12219,9,0,0,0,-9,0,202},
{12247,9,0,0,0,-9,0,203},
{12274,9,0,0,0,-9,0,204},
{12380,4,0,0,0,-4,0,204},
{12408,4,0,0,0,-4,0,205},
{12571,4,0,1,3,-4,0,205},
{12626,0,0,2,3,0,0,205},
{12708,0,0,2,4,0,0,205},
{12738,0,0,2,4,0,0,206},
{12860,0,0,2,4,0,0,207},
{12887,0,-1,-2,-4,0,1,207},
{12942,0,-4,-2,-4,0,4,207},
{13079,0,-6,-2,-4,0,6,207},
{13189,0,-11,-2,-4,0,11,207},
{13296,0,-14,-4,-14,0,14,207},
{13352,0,-14,-7,-28,0,14,207},
{13407,0,-14,-7,-28,0,14,205},
{13434,0,-17,-9,-38,0,17,205},
{13470,0,-17,-9,-39,0,17,203},
{13498,0,-17,-9,-41,0,17,200},
{13528,0,-17,-8,-42,0,17,198},
{13558,0,-17,-9,-48,0,17,195},
{13587,0,-17,-8,-50,0,17,193},
{13615,0,-17,-7,-50,0,17,189},
{13643,0,-17,-7,-52,0,17,186},
{13670,0,-17,-6,-53,0,17,186},
{13705,0,-17,-6,-55,0,17,180},
{13733,0,-17,-1,-5,0,17,177},
{13762,0,-17,-1,-6,0,17,177},
{13793,0,-17,-1,-5,0,17,174},
{13821,0,-17,-1,-5,0,17,170},
{13875,0,-17,-1,-5,0,17,169},
{13931,0,-17,0,0,0,17,169},
{15130,-1,-17,0,0,1,17,169},
{15159,0,-12,0,0,0,12,169},
{15222,0,-10,0,0,0,10,169},
{15303,0,-2,0,0,0,2,169},
{15466,0,0,0,0,0,0,169},
{15576,2,2,0,0,2,2,169},
{15658,9,9,-1,-6,9,9,169},
{15742,9,9,-1,-6,9,9,168},
{15771,9,9,0,-10,9,9,168},
{15987,9,9,0,-10,9,9,167},
{16043,9,9,0,-10,9,9,166},
{16097,9,9,0,-10,9,9,165},
{16158,9,9,0,-10,9,9,164},
{16212,9,9,0,-10,9,9,163},
{16269,9,9,0,-10,9,9,162},
{16324,9,9,0,-10,9,9,161},
{16379,9,9,0,-10,9,9,160},
{16434,4,4,0,-10,4,4,160},
{16463,4,4,0,-10,4,4,159},
{16490,3,3,0,-10,3,3,159},
{16518,3,3,0,-10,3,3,158},
{16581,3,3,0,-10,3,3,157},
{16638,3,3,0,-10,3,3,156},
{16692,14,14,0,-10,14,14,156},
{16721,14,14,1,-10,14,14,155},
{16751,28,28,0,-7,28,28,155},
{16779,28,28,0,-7,28,28,154},
{16809,10,10,0,-7,10,10,154},
{16863,10,10,0,-7,10,10,153},
{16892,0,0,0,-7,0,0,153},
{16954,0,0,0,-7,0,0,152},
{17009,0,0,0,0,0,0,152},
{17036,0,0,0,0,0,0,151},
{17494,0,0,2,-2,0,0,151},
{17549,0,0,7,-7,0,0,151},
{17603,0,0,9,-16,0,0,151},
{17688,0,0,12,-23,0,0,151},
{17770,0,0,13,-26,0,0,150},
{17851,0,0,13,-25,0,0,150},
{17880,0,0,13,-25,0,0,149},
{17916,0,0,13,-24,0,0,149},
{17944,0,0,13,-24,0,0,148},
{17971,0,0,14,-24,0,0,148},
{17999,0,0,14,-23,0,0,148},
{18027,0,0,18,-27,0,0,148},
{18054,0,0,19,-26,0,0,148},
{18108,0,0,19,-25,0,0,148},
{18164,0,0,26,-28,0,0,148},
{18220,0,0,28,-29,0,0,148},
{18255,0,0,28,-28,0,0,148},
{18284,0,0,28,-28,0,0,149},
{18313,0,0,28,-27,0,0,149},
{18341,0,0,28,-27,0,0,150},
{18369,0,0,31,-30,0,0,151},
{18398,0,0,31,-29,0,0,151},
{18425,0,0,31,-29,0,0,153},
{18455,0,0,33,-30,0,0,153},
{18485,0,0,33,-30,0,0,154},
{18521,0,0,33,-29,0,0,155},
{18550,0,0,36,-31,0,0,156},
{18579,0,0,36,-31,0,0,157},
{18606,0,0,36,-33,0,0,158},
{18634,0,0,37,-33,0,0,159},
{18688,0,0,37,-33,0,0,160},
{18715,0,0,37,-34,0,0,161},
{18743,0,0,38,-34,0,0,162},
{18770,0,0,38,-34,0,0,163},
{18805,0,0,39,-34,0,0,164},
{18833,0,0,40,-34,0,0,166},
{18888,0,0,41,-36,0,0,167},
{18916,0,0,41,-36,0,0,168},
{18943,0,0,42,-36,0,0,169},
{18971,0,0,43,-37,0,0,170},
{18999,0,0,44,-46,0,0,171},
{19026,0,0,45,-46,0,0,172},
{19054,0,0,46,-46,0,0,171},
{19090,0,0,48,-56,0,0,172},
{19117,0,0,50,-58,0,0,174},
{19146,0,0,51,-58,0,0,176},
{19174,0,0,53,-59,0,0,177},
{19201,0,0,55,-59,0,0,178},
{19228,0,0,57,-60,0,0,180},
{19256,0,0,59,-61,0,0,181},
{19283,0,0,61,-62,0,0,182},
{19312,0,0,55,-59,0,0,183},
{19348,0,0,58,-60,0,0,184},
{19378,0,0,61,-62,0,0,186},
{19406,0,0,0,0,0,0,187},
{19433,0,0,0,0,0,0,188},
{19488,0,0,0,0,0,0,189},
{19515,0,0,0,0,0,0,188},
{19654,0,0,2,-5,0,0,188},
{19710,0,0,10,-15,0,0,188},
{19737,0,0,10,-16,0,0,188},
{19792,0,0,10,-16,0,0,187},
{19855,0,0,12,-17,0,0,186},
{19939,0,0,12,-17,0,0,187},
{19966,0,0,13,-17,0,0,188},
{20023,0,0,13,-18,0,0,187},
{20050,0,0,14,-18,0,0,187},
{20078,0,0,14,-18,0,0,186},
{20106,0,0,15,-18,0,0,186},
{20162,0,0,15,-19,0,0,186},
{20190,0,0,15,-19,0,0,187},
{20226,0,0,16,-19,0,0,188},
{20256,0,0,18,-20,0,0,187},
{20309,0,0,19,-21,0,0,187},
{20339,0,0,21,-22,0,0,188},
{20394,0,0,22,-23,0,0,189},
{20447,0,0,23,-23,0,0,189},
{20475,0,0,27,-26,0,0,190},
{20503,0,0,28,-26,0,0,191},
{20530,0,0,0,0,0,0,191},
{20593,0,0,0,0,0,0,190},
{20648,0,0,0,0,0,0,189},
{20942,0,0,9,-8,0,0,189},
{21024,0,0,24,-24,0,0,189},
{21053,0,0,23,-24,0,0,189},
{21082,0,0,22,-23,0,0,189},
{21111,0,0,20,-22,0,0,189},
{21140,0,0,18,-20,0,0,189},
{21169,0,0,10,-15,0,0,190},
{21197,0,0,5,-12,0,0,190},
{21233,0,0,1,-9,0,0,191},
{21261,0,0,0,-5,0,0,191},
{21291,0,0,-2,-4,0,0,191},
{21320,0,0,-3,-3,0,0,190},
{21348,0,0,-3,0,0,0,190},
{21376,0,0,-2,0,0,0,190},
{21405,0,0,-1,-1,0,0,190},
{21433,0,0,0,-1,0,0,189},
{21462,0,0,0,-2,0,0,189},
{21528,0,0,0,-1,0,0,189},
{21583,0,0,0,-1,0,0,192},
{21638,0,0,0,-1,0,0,202},
{21667,0,0,0,-1,0,0,203},
{21723,0,0,0,0,0,0,213},
{21751,0,0,0,0,0,0,223},
{21778,0,0,0,0,0,0,231},
{21997,0,0,0,0,0,0,230},
{22160,0,0,0,-3,0,0,230},
{22242,0,0,-5,0,0,0,230},
{22335,0,0,-4,0,0,0,229},
{22363,0,0,-4,0,0,0,228},
{22392,0,0,-7,1,0,0,228},
{22447,0,0,-5,0,0,0,228},
{22503,0,0,-8,2,0,0,227},
{22584,0,0,-19,8,0,0,226},
{22613,0,0,-19,8,0,0,225},
{22668,0,0,-41,23,0,0,224},
{22695,0,0,-40,23,0,0,223},
{22723,0,0,-40,22,0,0,223},
{22759,0,0,-51,32,0,0,213},
{22787,0,0,-49,30,0,0,203},
{22816,0,0,-44,28,0,0,193},
{22844,0,0,-42,26,0,0,183},
{22872,0,0,-40,25,0,0,173},
{22900,0,0,-39,24,0,0,169},
{22927,0,0,-38,23,0,0,168},
{22957,0,0,-5,2,0,0,166},
{22983,0,0,-5,2,0,0,164},
{23021,0,0,0,0,0,0,162},
{23049,0,0,0,0,0,0,161},
{23077,0,0,0,0,0,0,162},
{23299,0,0,-5,7,0,0,162},
{23408,0,0,-5,7,0,0,161},
{23436,0,0,-23,26,0,0,160},
{23490,0,0,-40,39,0,0,159},
{23517,0,0,-39,38,0,0,159},
{23546,0,0,-39,38,0,0,158},
{23574,0,0,-38,38,0,0,158},
{23612,0,0,-37,37,0,0,156},
{23641,0,0,-58,53,0,0,154},
{23669,0,0,-56,52,0,0,153},
{23697,0,0,-55,52,0,0,152},
{23724,0,0,-51,51,0,0,152},
{23751,0,0,-50,51,0,0,151},
{23779,0,0,-49,50,0,0,150},
{23809,0,0,-48,50,0,0,149},
{23838,0,0,-33,46,0,0,147},
{23873,0,0,-30,46,0,0,145},
{23900,0,0,-29,46,0,0,145},
{23927,0,0,-28,46,0,0,147},
{23956,0,0,-27,47,0,0,148},
{23984,0,0,-26,47,0,0,148},
{24015,0,0,-28,48,0,0,148},
{24042,0,0,-27,48,0,0,151},
{24070,0,0,-26,48,0,0,150},
{24097,0,0,-39,54,0,0,151},
{24132,0,0,-38,54,0,0,151},
{24162,0,0,-38,55,0,0,151},
{24190,0,0,-37,55,0,0,151},
{24219,0,0,-36,56,0,0,150},
{24248,0,0,-44,60,0,0,149},
{24277,0,0,-43,61,0,0,149},
{24306,0,0,-38,27,0,0,150},
{24334,0,0,-38,28,0,0,150},
{24363,0,0,-33,-4,0,0,150},
{24398,0,0,-32,-6,0,0,146},
{24426,0,0,-30,-19,0,0,144},
{24455,0,0,-30,-20,0,0,143},
{24484,0,0,-30,-22,0,0,141},
{24511,0,0,-29,-22,0,0,138},
{24539,0,0,-29,-25,0,0,136},
{24567,0,0,-28,-29,0,0,132},
{24596,0,0,-30,-18,0,0,129},
{24625,0,0,-29,-20,0,0,126},
{24661,0,0,-29,-23,0,0,123},
{24692,0,0,-28,-26,0,0,120},
{24720,0,0,-31,-14,0,0,117},
{24749,0,0,-30,-17,0,0,114},
{24776,0,0,-32,-11,0,0,114},
{24804,0,0,-32,-15,0,0,108},
{24831,0,0,-31,-19,0,0,108},
{24861,0,0,-31,-19,0,0,104},
{24891,0,0,-31,-24,0,0,101},
{24924,0,0,-40,19,0,0,96},
{24952,0,0,-40,15,0,0,93},
{24981,0,0,-44,42,0,0,90},
{25009,0,0,-44,39,0,0,88},
{25038,0,0,-44,38,0,0,86},
{25066,0,0,-44,37,0,0,84},
{25094,0,0,-44,39,0,0,83},
{25123,0,0,-44,43,0,0,84},
{25150,0,0,-43,47,0,0,82},
{25184,0,0,-42,56,0,0,80},
{25212,0,0,-41,73,0,0,80},
{25240,0,0,-38,98,0,0,80},
{25269,0,0,-29,100,0,0,79},
{25297,0,0,-17,100,0,0,79},
{25324,0,0,17,100,0,0,78},
{25352,0,0,26,100,0,0,79},
{25379,0,0,26,100,0,0,83},
{25407,0,0,21,100,0,0,88},
{25436,0,0,15,100,0,0,93},
{25472,0,0,11,100,0,0,100},
{25501,0,0,9,100,0,0,106},
{25528,0,0,9,100,0,0,110},
{25557,0,0,8,100,0,0,115},
{25586,0,0,8,100,0,0,119},
{25615,0,0,8,100,0,0,124},
{25643,0,0,8,100,0,0,132},
{25672,0,0,9,100,0,0,136},
{25699,0,0,10,100,0,0,141},
{25736,0,0,12,100,0,0,146},
{25764,0,0,16,0,0,0,152},
{25792,0,0,19,0,0,0,157},
{25819,0,0,14,100,0,0,161},
{25846,0,0,12,0,0,0,164},
{25875,0,0,2,100,0,0,166},
{25903,0,0,1,100,0,0,168},
{25931,0,0,0,0,0,0,170},
{25958,0,0,0,0,0,0,172},
{25987,0,0,-20,8,0,0,173},
{26021,0,0,-20,10,0,0,173},
{26050,0,0,-20,11,0,0,175},
{26077,0,0,0,0,0,0,175},
{26131,0,0,0,0,0,0,174},
{-1,0,0,0,0,0,0,0}};
